year,population,temperature,rainfall,habitat_index
1800,8212,-4.31,401.2,0.931
1801,9061,-4.08,410.2,0.871
1802,8246,-4.22,429.8,0.896
1803,7849,-3.49,450.8,0.811
1804,8245,-4.02,455.7,0.795
1805,7821,-3.5,528.7,0.908
1806,7879,-3.92,401.3,0.841
1807,8203,-3.92,532.8,0.859
1808,8205,-3.95,468.9,0.82
1809,7780,-3.91,501.6,0.815
1810,8244,-3.3,418.0,0.843
1811,8249,-4.7,529.6,0.86
1812,8287,-4.58,512.2,0.898
1813,7954,-4.06,483.0,0.882
1814,8165,-3.86,343.7,0.868
1815,7118,-3.61,445.3,0.855
1816,7553,-3.68,409.2,0.907
1817,7341,-3.97,295.4,0.807
1818,7595,-3.47,363.3,0.83
1819,7342,-3.45,374.4,0.874
1820,7419,-3.74,378.8,0.885
1821,7983,-3.46,358.0,0.766
1822,7330,-3.69,365.4,0.815
1823,7457,-3.97,429.7,0.887
1824,7224,-3.52,425.6,0.837
1825,7270,-3.72,232.0,0.827
1826,7207,-3.75,372.7,0.809
1827,7290,-3.22,395.1,0.783
1828,7451,-4.58,331.3,0.848
1829,7543,-4.21,439.1,0.812
1830,7121,-4.12,511.6,0.815
1831,7157,-3.82,408.1,0.808
1832,6630,-3.78,490.3,0.774
1833,6884,-4.2,436.0,0.832
1834,7126,-4.01,453.3,0.919
1835,7063,-3.96,562.5,0.727
1836,6843,-2.79,459.7,0.773
1837,6984,-3.01,504.7,0.733
1838,6836,-3.77,379.6,0.806
1839,6984,-3.75,555.2,0.782
1840,6701,-4.01,478.9,0.815
1841,6491,-4.27,424.8,0.837
1842,6633,-3.63,447.1,0.775
1843,5744,-3.93,332.2,0.819
1844,6566,-3.6,447.0,0.667
1845,5491,-4.12,358.4,0.837
1846,5950,-3.82,353.2,0.777
1847,6467,-3.49,330.5,0.792
1848,6435,-3.4,320.8,0.695
1849,5984,-3.37,382.8,0.706
1850,6061,-3.97,362.6,0.76
1851,6541,-3.2,387.5,0.728
1852,6045,-3.77,362.8,0.754
1853,6677,-3.26,399.9,0.768
1854,6090,-3.48,366.5,0.658
1855,6153,-3.94,513.7,0.778
1856,6407,-3.56,339.4,0.725
1857,6013,-3.31,496.3,0.706
1858,5708,-3.22,516.4,0.65
1859,5885,-3.47,418.7,0.734
1860,5867,-2.88,583.8,0.597
1861,5521,-3.05,530.4,0.721
1862,5746,-3.48,534.3,0.646
1863,5599,-3.12,488.9,0.694
1864,5948,-2.7,474.8,0.671
1865,5710,-2.68,470.0,0.719
1866,5604,-3.78,491.6,0.696
1867,5610,-3.67,531.0,0.669
1868,5650,-2.82,456.7,0.648
1869,5704,-3.7,387.2,0.743
1870,5312,-3.78,458.4,0.713
1871,5271,-3.48,447.6,0.664
1872,5709,-3.15,419.5,0.657
1873,5345,-3.32,410.7,0.606
1874,5096,-3.5,348.8,0.687
1875,5465,-3.5,307.5,0.598
1876,5437,-3.51,305.3,0.696
1877,4981,-3.55,265.1,0.669
1878,5322,-2.44,360.5,0.723
1879,5397,-3.12,349.6,0.601
1880,5289,-2.91,340.1,0.632
1881,5311,-3.38,225.3,0.719
1882,4860,-3.26,324.0,0.689
1883,5186,-3.44,457.1,0.616
1884,5026,-4.11,383.4,0.67
1885,4959,-3.65,450.2,0.644
1886,5202,-3.79,377.4,0.657
1887,5292,-3.94,532.1,0.619
1888,5323,-3.56,464.0,0.629
1889,5197,-2.67,494.0,0.539
1890,4886,-3.14,600.9,0.62
1891,4947,-2.66,562.2,0.615
1892,4998,-2.96,469.2,0.594
1893,4843,-2.82,449.7,0.531
1894,4816,-3.4,454.7,0.65
1895,4919,-2.89,485.3,0.607
1896,4723,-2.81,441.3,0.558
1897,4568,-3.25,411.9,0.586
1898,4600,-2.85,489.4,0.522
1899,4767,-2.83,394.8,0.538
1900,4622,-3.21,500.6,0.566
1901,4657,-3.41,376.9,0.64
1902,4689,-3.42,450.5,0.562
1903,4471,-2.96,370.7,0.597
1904,4649,-2.87,395.7,0.544
1905,4553,-3.25,309.6,0.584
1906,4238,-2.95,304.8,0.557
1907,4687,-2.75,375.6,0.588
1908,4317,-2.73,410.4,0.529
1909,4089,-2.39,374.0,0.474
1910,4171,-2.48,320.9,0.481
1911,4150,-3.27,332.0,0.536
1912,4310,-2.32,344.2,0.476
1913,4228,-3.08,342.7,0.562
1914,4192,-2.52,451.3,0.508
1915,4329,-2.85,515.3,0.628
1916,4256,-3.01,469.4,0.466
1917,4226,-3.49,365.4,0.555
1918,4217,-2.91,474.0,0.481
1919,4225,-3.38,477.1,0.518
1920,3753,-2.49,588.2,0.514
1921,4015,-2.29,405.4,0.406
1922,3697,-3.09,450.3,0.53
1923,4032,-2.69,544.0,0.581
1924,4001,-3.04,467.9,0.495
1925,4144,-3.0,458.7,0.519
1926,4142,-2.5,420.7,0.532
1927,3962,-2.77,415.8,0.49
1928,3829,-2.14,423.4,0.451
1929,3959,-2.91,330.7,0.404
1930,3779,-2.38,404.0,0.501
1931,3837,-2.69,283.0,0.478
1932,3965,-2.43,362.9,0.431
1933,3707,-2.86,353.6,0.487
1934,3890,-2.71,315.6,0.451
1935,3848,-2.72,350.4,0.45
1936,3582,-2.96,328.7,0.5
1937,3846,-2.43,317.3,0.404
1938,3782,-2.42,366.4,0.496
1939,3672,-2.43,343.7,0.395
1940,3525,-2.09,430.5,0.412
1941,3490,-2.11,372.4,0.513
1942,3515,-2.74,480.3,0.497
1943,3648,-2.47,398.9,0.445
1944,3414,-2.81,440.7,0.411
1945,3590,-2.57,446.0,0.417
1946,3333,-2.78,548.7,0.445
1947,3458,-2.0,500.6,0.417
1948,3480,-2.43,471.7,0.422
1949,3781,-2.62,502.0,0.427
1950,3235,-2.12,363.4,0.402
1951,3604,-3.28,455.4,0.384
1952,3403,-3.22,544.2,0.417
1953,3418,-2.23,436.1,0.441
1954,3359,-2.47,417.2,0.354
1955,3382,-2.4,425.6,0.397
1956,3283,-2.94,428.2,0.385
1957,3474,-2.47,270.2,0.405
1958,3204,-1.75,274.8,0.361
1959,3391,-2.16,361.1,0.445
1960,3141,-2.38,309.6,0.409
1961,3197,-2.58,409.2,0.34
1962,3049,-2.55,329.5,0.415
1963,3225,-3.15,253.7,0.373
1964,3330,-2.31,295.3,0.352
1965,3120,-2.09,232.3,0.379
1966,3086,-2.93,371.3,0.369
1967,2954,-2.6,388.3,0.411
1968,3045,-2.76,392.1,0.346
1969,2860,-2.69,482.8,0.348
1970,2926,-2.32,503.5,0.332
1971,3046,-3.06,448.3,0.355
1972,3159,-2.1,361.1,0.39
1973,3318,-2.04,507.0,0.367
1974,2895,-2.39,509.1,0.417
1975,3116,-3.16,498.5,0.46
1976,2958,-2.63,530.3,0.309
1977,2894,-1.84,417.7,0.327
1978,2944,-3.23,568.0,0.316
1979,2884,-2.37,408.5,0.303
1980,2872,-2.65,480.6,0.314
1981,2796,-1.95,344.0,0.273
1982,2668,-2.46,366.2,0.286
1983,2635,-2.07,472.9,0.308
1984,2865,-2.0,369.2,0.26
1985,2745,-1.55,411.0,0.326
1986,2693,-2.25,369.7,0.273
1987,2743,-2.04,344.2,0.413
1988,2813,-2.68,412.4,0.299
1989,2729,-1.74,330.6,0.289
1990,2623,-2.41,255.1,0.252
1991,2809,-2.33,309.1,0.366
1992,2829,-2.13,385.2,0.334
1993,2698,-2.66,388.4,0.314
1994,2732,-2.02,303.5,0.226
1995,2744,-1.75,360.4,0.278
1996,2716,-1.98,383.1,0.228
1997,2646,-2.63,409.4,0.348
1998,2629,-2.11,373.7,0.304
1999,2605,-1.79,424.3,0.263
2000,2425,-2.7,430.3,0.186
2001,2592,-2.41,513.6,0.232
2002,2370,-1.72,520.6,0.276
2003,2412,-1.92,474.6,0.3
2004,2605,-1.86,460.5,0.291
2005,2544,-1.34,481.9,0.164
2006,2592,-1.82,425.7,0.252
2007,2406,-1.75,398.0,0.275
2008,2306,-1.02,395.0,0.143
2009,2380,-2.03,395.5,0.237
2010,2399,-2.23,353.4,0.251
2011,2382,-1.79,404.1,0.212
2012,2467,-1.77,417.6,0.147
2013,2312,-2.1,288.5,0.215
2014,2365,-2.27,358.0,0.217
2015,2226,-1.09,337.3,0.186
2016,2346,-1.77,360.2,0.187
2017,2291,-2.13,340.7,0.199
2018,2209,-1.55,270.4,0.195
2019,2242,-1.9,285.1,0.222
2020,2233,-1.94,357.9,0.19
2021,2212,-1.64,419.0,0.174
2022,2380,-2.28,270.0,0.211
2023,2201,-1.7,412.8,0.11
2024,2175,-1.14,470.5,0.186
2025,2000,-1.64,418.9,0.179
